0;初始房间:-12,-2,0:-13,-2,0
1;魔女高塔:-11,-2,0:-10,-2,0:-9,-2,0:-8,-2,0:-7,-2,0:-9,-1,0:-8,-1,0:-8,0,0:-8,1,0:-9,1,0:-9,0,0:-9,2,0:-8,2,0
2:-3,1,0:-4,1,0:-5,1,0:-5,2,0:-6,2,0:-7,2,0:-4,2,0:-3,2,0
3:-1,3,0:-2,3,0:-2,2,0:-1,2,0:0,1,0:1,0,0:1,1,0:1,2,0:1,3,0:0,3,0:0,2,0
4:4,0,0:3,0,0:2,0,0
5:5,-1,0:5,0,0:6,0,0:6,-1,0:5,-2,0:6,-2,0:5,-3,0:6,-3,0:5,-4,0:6,-4,0
5,-15,0//1x1
[-12,-2,0]
1,0,-1,0|e07bf5,,,,|0|uid://ddcs5dl0e7utm
[-10,-2,0]
0,0,-1,0|||uid://bucmxv5hblq60
[-13,-2,0]
-1,0,0,0|e07bf5,,,,||uid://ddcs5dl0e7utm
[-9,-2,0]
-1,-1,0,0|||uid://nlmxiajqrwc1
[-8,-2,0]
1,-1,-1,0|||uid://nlmxiajqrwc1
[-9,-1,0]
-1,-1,0,-1|||uid://nlmxiajqrwc1
[-8,-1,0]
0,-1,-1,-1|||uid://nlmxiajqrwc1
[-9,0,0]
-1,-1,0,-1|||uid://nlmxiajqrwc1
[-8,0,0]
0,-1,-1,-1|||uid://nlmxiajqrwc1
[-9,1,0]
-1,-1,0,-1|||uid://nlmxiajqrwc1
[-8,1,0]
0,-1,-1,-1|||uid://nlmxiajqrwc1
[-9,2,0]
-1,0,0,-1|||uid://nlmxiajqrwc1
[-8,2,0]
1,0,-1,-1|||uid://nlmxiajqrwc1
[-7,-2,0]
0,0,1,0|||
[-4,1,0]
-1,-1,-1,0|0f391d,,,,||uid://b50shswbv1wr7
[-3,2,0]
0,0,-1,0|0f391d,,,,||uid://b50shswbv1wr7
[1,0,0]
1,-1,0,0|1eea09,,,,||uid://bubcax6rksxak
[0,1,0]
-1,-1,0,0|1eea09,,,,||uid://bubcax6rksxak
[1,1,0]
0,-1,-1,-1|1eea09,,,,||uid://bubcax6rksxak
[-1,2,0]
-1,-1,-1,0|1eea09,,,,||uid://bubcax6rksxak
[0,2,0]
-1,-1,-1,-1|1eea09,,,,||uid://bubcax6rksxak
[1,2,0]
0,-1,-1,-1|1eea09,,,,||uid://bubcax6rksxak
[1,3,0]
0,0,-1,-1|1eea09,,,,||uid://bubcax6rksxak
[-11,-2,0]
-1,0,1,0|||uid://bucmxv5hblq60
[-7,2,0]
-1,0,1,0|0f391d,,,,||uid://b50shswbv1wr7
[-6,2,0]
-1,0,-1,0|0f391d,,,,||uid://b50shswbv1wr7
[-5,2,0]
-1,0,-1,-1|0f391d,,,,||uid://b50shswbv1wr7
[-4,2,0]
-1,0,-1,-1|0f391d,,,,||uid://b50shswbv1wr7
[-3,1,0]
0,0,-1,0|0f391d,,,,||uid://b50shswbv1wr7
[-2,2,0]
-1,-1,0,0|1eea09,,,,||uid://bubcax6rksxak
[-5,1,0]
-1,-1,0,0|0f391d,,,,||uid://b50shswbv1wr7
[-2,3,0]
-1,0,0,-1|1eea09,,,,||uid://bubcax6rksxak
[-1,3,0]
-1,0,-1,-1|1eea09,,,,||uid://bubcax6rksxak
[0,3,0]
-1,0,-1,-1|1eea09,,,,||uid://bubcax6rksxak
[2,0,0]
-1,0,1,0|||
[3,0,0]
-1,0,-1,0|||
[4,0,0]
1,0,-1,0|||
[5,-1,0]
-1,-1,0,-1|fff300,,,,||
[6,-1,0]
0,-1,-1,-1|fff300,,,,||
[5,0,0]
-1,0,1,-1|fff300,,,,||
[6,0,0]
0,0,-1,-1|fff300,,,,||
[6,-2,0]
0,-1,-1,-1|fff300,,,,||res://scenes/levels/music_hall/4_1.tscn
[5,-4,0]
-1,-1,0,0|fff300,,,,||res://scenes/levels/music_hall/4_1.tscn
[6,-4,0]
0,-1,-1,0|fff300,,,,||res://scenes/levels/music_hall/4_1.tscn
[5,-3,0]
-1,-1,0,-1|fff300,,,,||res://scenes/levels/music_hall/4_1.tscn
[6,-3,0]
0,-1,-1,-1|fff300,,,,||res://scenes/levels/music_hall/4_1.tscn
[5,-2,0]
-1,-1,0,-1|fff300,,,,||res://scenes/levels/music_hall/4_1.tscn
