0;初始房间:-12,-2,0:-13,-2,0
1;魔女高塔:-11,-2,0
2;音乐工厂:-4,0,0
3;空旷的地下室:-7,2,0
4;腐败地牢:-11,6,0
5;奇迹之地:2,3,0
6;野猪森林:2,-4,0
7;华丽的音乐厅:12,-2,0
5,-15,0//1x1
[-5,-5,0]
-1,-1,0,0|1cbcde,,,,||
[-4,-5,0]
0,-1,-1,1|1cbcde,,,,||
[-5,-4,0]
-1,0,1,-1|1cbcde,,,,|0|
[-4,-4,0]
1,1,-1,-1|1cbcde,,,,||
[-3,-4,0]
-1,0,1,0|1cbcde,,,,||
[-2,-4,0]
-1,0,-1,0|1cbcde,,,,||
[-1,-4,0]
1,0,-1,0|1cbcde,,,,||
[-4,-3,0]
0,-1,0,1|1cbcde,,,,||
[-4,-2,0]
0,-1,0,-1|1cbcde,,,,||
[-4,-1,0]
0,-1,0,-1|1cbcde,,,,||
[-4,0,0]
0,1,0,-1|1cbcde,,,,||
[0,-6,0]
-1,-1,0,1|1cbcde,,,,||
[1,-6,0]
0,-1,-1,0|1cbcde,,,,||
[0,-5,0]
-1,-1,0,-1|1cbcde,,,,||
[1,-5,0]
0,-1,-1,-1|1cbcde,,,,||
[0,-4,0]
-1,0,1,-1|1cbcde,,,,||
[1,-4,0]
1,0,-1,-1|1cbcde,,,,||
[-1,-7,0]
-1,0,0,1|1cbcde,,,,||
[0,-7,0]
0,1,-1,0|1cbcde,,,,||
[-3,-11,0]
-1,-1,0,0|1cbcde,,,fb0000,fb0000||
[-2,-11,0]
-1,-1,-1,0|1cbcde,,,,fb0000||
[-1,-11,0]
0,-1,-1,0|1cbcde,fb0000,,,fb0000||
[-3,-10,0]
-1,-1,0,-1|1cbcde,,,fb0000,||
[-2,-10,0]
-1,-1,-1,-1|1cbcde,,,,||
[-1,-10,0]
0,-1,-1,-1|1cbcde,fb0000,,,||
[-3,-9,0]
-1,-1,0,-1|1cbcde,,,fb0000,||
[-2,-9,0]
-1,-1,-1,-1|1cbcde,,,,||
[-1,-9,0]
1,-1,-1,-1|1cbcde,fb0000,,,||
[-3,-8,0]
-1,0,1,-1|1cbcde,,fb0000,fb0000,||
[-2,-8,0]
-1,0,-1,-1|1cbcde,,fb0000,,||
[-1,-8,0]
1,1,-1,-1|1cbcde,fb0000,fb0000,,||
[-4,-8,0]
1,-1,0,0|1cbcde,,,,||
[-4,-7,0]
0,-1,0,-1|1cbcde,,,,||
[-4,-6,0]
0,1,0,-1|1cbcde,,,,||
[-4,1,0]
-1,1,0,1|0f391d,,,,||
[-3,1,0]
-1,0,-1,0|0f391d,,,,||
[-2,1,0]
-1,0,-1,0|0f391d,,,,||
[-1,1,0]
1,0,-1,1|0f391d,,,,||
[-5,2,0]
-1,0,1,0|0f391d,,,,||
[-4,2,0]
0,0,-1,1|0f391d,,,,||
[-7,2,0]
-1,-1,0,1|0f391d,,,,||
[-6,2,0]
1,-1,-1,0|0f391d,,,,||
[-7,3,0]
-1,-1,0,-1|0f391d,,,,||
[-6,3,0]
0,-1,-1,-1|0f391d,,,,||
[-7,4,0]
-1,-1,0,-1|0f391d,,,,||
[-6,4,0]
1,-1,-1,-1|0f391d,,,,||
[-7,5,0]
-1,0,0,-1|0f391d,,,,|0|
[-6,5,0]
0,1,-1,-1|0f391d,,,,||
[-1,0,0]
0,1,0,0|0f391d,,,,|0|
[0,1,0]
-1,-1,1,0|0f391d,,,,||
[1,1,0]
0,-1,-1,0|0f391d,,,,||
[0,2,0]
-1,-1,0,-1|0f391d,,,,||
[1,2,0]
0,-1,-1,-1|0f391d,,,,||
[0,3,0]
-1,1,0,-1|0f391d,,,,||
[1,3,0]
1,0,-1,-1|0f391d,,,,||
[-5,4,0]
-1,0,1,0|0f391d,,,,||
[-4,4,0]
-1,0,-1,0|0f391d,,,,||
[-3,4,0]
-1,0,-1,0|0f391d,,,,||
[-2,4,0]
-1,0,-1,1|0f391d,,,,||
[-1,4,0]
-1,0,-1,0|0f391d,,,,||
[0,4,0]
0,0,-1,1|0f391d,,,,||
[-2,3,0]
0,1,0,0|0f391d,,,,||
[-9,6,0]
-1,-1,0,0|02171c,,,,||
[-8,6,0]
-1,-1,-1,0|02171c,,,,||
[-7,6,0]
-1,-1,-1,0|02171c,,,,||
[-6,6,0]
-1,-1,-1,1|02171c,,,,||
[-5,6,0]
-1,-1,-1,0|02171c,,,,||
[-4,6,0]
0,-1,-1,0|02171c,,,,||
[-9,7,0]
-1,-1,1,-1|02171c,,,,||
[-8,7,0]
-1,-1,-1,-1|02171c,,,,||
[-7,7,0]
-1,-1,-1,-1|02171c,,,,||
[-6,7,0]
-1,-1,-1,-1|02171c,,,,||
[-5,7,0]
-1,-1,-1,-1|02171c,,,,||
[-4,7,0]
1,-1,-1,-1|02171c,,,,||
[-9,8,0]
-1,-1,0,-1|02171c,,,,||
[-8,8,0]
-1,-1,-1,-1|02171c,,,,||
[-7,8,0]
-1,-1,-1,-1|02171c,,,,||
[-6,8,0]
-1,-1,-1,-1|02171c,,,,||
[-5,8,0]
-1,-1,-1,-1|02171c,,,,||
[-4,8,0]
0,-1,-1,-1|02171c,,,,||
[-9,9,0]
-1,-1,1,-1|02171c,,,,||
[-8,9,0]
-1,-1,-1,-1|02171c,,,,||
[-7,9,0]
-1,-1,-1,-1|02171c,,,,||
[-6,9,0]
-1,-1,-1,-1|02171c,,,,||
[-5,9,0]
-1,-1,-1,-1|02171c,,,,||
[-4,9,0]
1,-1,-1,-1|02171c,,,,||
[-9,10,0]
-1,-1,0,-1|02171c,,,,||
[-8,10,0]
-1,-1,-1,-1|02171c,,,,||
[-7,10,0]
-1,-1,-1,-1|02171c,,,,||
[-6,10,0]
-1,-1,-1,-1|02171c,,,,||
[-5,10,0]
-1,-1,-1,-1|02171c,,,,||
[-4,10,0]
0,-1,-1,-1|02171c,,,,||
[-9,11,0]
-1,0,1,-1|02171c,,,,||
[-8,11,0]
-1,0,-1,-1|02171c,,,,||
[-7,11,0]
-1,0,-1,-1|02171c,,,,||
[-6,11,0]
-1,0,-1,-1|02171c,,,,||
[-5,11,0]
-1,0,-1,-1|02171c,,,,||
[-4,11,0]
1,0,-1,-1|02171c,,,,||
[-3,11,0]
1,0,1,0|02171c,,,,|0|
[-2,10,0]
-1,-1,0,0|02171c,,,,||
[-1,10,0]
0,-1,-1,0|02171c,,,,||
[-2,11,0]
-1,0,1,-1|02171c,,,,||
[-1,11,0]
0,0,-1,-1|02171c,,,,||
[-3,9,0]
1,0,1,0|02171c,,,,||
[-2,8,0]
-1,-1,0,0|02171c,,,,||
[-1,8,0]
0,-1,-1,1|02171c,,,,||
[-2,9,0]
-1,0,1,-1|02171c,,,,||
[-1,9,0]
0,0,-1,-1|02171c,,,,||
[-3,7,0]
1,0,1,0|02171c,,,,||
[-2,6,0]
-1,-1,0,0|02171c,,,fb0000,fb0000||
[-1,6,0]
0,-1,-1,0|02171c,fb0000,,,fb0000||
[-2,7,0]
-1,0,1,-1|02171c,,fb0000,fb0000,||
[-1,7,0]
0,1,-1,-1|02171c,fb0000,fb0000,,||
[-10,7,0]
1,0,1,0|02171c,,,,||
[-12,6,0]
-1,-1,0,0|02171c,,,,||
[-11,6,0]
0,-1,-1,0|02171c,,,,||
[-12,7,0]
-1,1,0,-1|02171c,,,,||
[-11,7,0]
1,0,-1,-1|02171c,,,,|0|
[-10,9,0]
1,0,1,0|02171c,,,,||
[-12,8,0]
-1,-1,0,1|02171c,,,,||
[-11,8,0]
0,-1,-1,0|02171c,,,,||
[-12,9,0]
-1,0,0,-1|02171c,,,,||
[-11,9,0]
1,0,-1,-1|02171c,,,,||
[-10,11,0]
1,0,1,0|02171c,,,,||
[-12,10,0]
-1,-1,0,0|02171c,,,,||
[-11,10,0]
0,-1,-1,0|02171c,,,,||
[-12,11,0]
-1,0,0,-1|02171c,,,,||
[-11,11,0]
1,0,-1,-1|02171c,,,,||
[2,3,0]
-1,0,1,0|ec8519,,,,||
[3,3,0]
-1,-1,-1,0|ec8519,,,,||
[4,3,0]
0,-1,-1,0|ec8519,,,,||
[3,4,0]
-1,0,0,-1|ec8519,,,,||
[7,5,0]
-1,0,-1,0|ec8519,,,,||
[8,5,0]
0,1,-1,-1|ec8519,,,,||
[8,4,0]
-1,-1,0,0|ec8519,,,,||
[8,6,0]
-1,0,0,1|ec8519,,,,||
[9,6,0]
0,0,-1,0|ec8519,,,,||
[9,3,0]
0,-1,0,1|ec8519,,,,||
[9,4,0]
0,0,-1,-1|ec8519,,,,||
[4,4,0]
-1,-1,-1,-1|ec8519,,,,||
[5,4,0]
1,-1,-1,0|ec8519,,,,||
[4,5,0]
-1,0,0,-1|ec8519,,,,||
[5,5,0]
1,0,-1,-1|ec8519,,,,||
[6,5,0]
-1,0,1,0|ec8519,,,,|0|
[5,1,0]
-1,-1,1,0|ec8519,,,,||
[6,1,0]
-1,-1,-1,0|ec8519,,,,||
[7,1,0]
-1,-1,-1,0|ec8519,,,,||
[8,1,0]
-1,-1,-1,0|ec8519,,,,||
[9,1,0]
0,-1,-1,0|ec8519,,,,||
[5,2,0]
-1,0,0,-1|ec8519,,,,||
[6,2,0]
-1,1,-1,-1|ec8519,,,,||
[7,2,0]
-1,0,-1,-1|ec8519,,,,||
[8,2,0]
-1,0,-1,-1|ec8519,,,,||
[9,2,0]
0,1,-1,-1|ec8519,,,,||
[6,3,0]
1,-1,0,1|ec8519,,,,||
[6,4,0]
0,0,1,-1|ec8519,,,,||
[4,0,0]
1,-1,1,0|1eea09,,,,||
[4,1,0]
1,0,0,-1|1eea09,,,,||
[5,-1,0]
-1,-1,0,0|1eea09,,,,||
[6,-1,0]
-1,-1,-1,0|1eea09,,,,||
[7,-1,0]
-1,-1,-1,0|1eea09,,,,||
[8,-1,0]
-1,-1,-1,0|1eea09,,,,||
[9,-1,0]
1,-1,-1,0|1eea09,,,,||
[5,0,0]
-1,0,1,-1|1eea09,,,,||
[6,0,0]
-1,0,-1,-1|1eea09,,,,||
[7,0,0]
-1,0,-1,-1|1eea09,,,,||
[8,0,0]
-1,0,-1,-1|1eea09,,,,||
[9,0,0]
0,0,-1,-1|1eea09,,,,||
[10,-2,0]
-1,-1,0,0|1eea09,,,,||
[11,-2,0]
1,-1,-1,0|1eea09,,,,||
[10,-1,0]
-1,0,1,-1|1eea09,,,,|0|
[11,-1,0]
0,0,-1,-1|1eea09,,,,||
[12,-9,0]
1,-1,1,1|fff300,,,,||
[12,-8,0]
1,-1,1,-1|fff300,,,,||
[12,-7,0]
1,-1,1,-1|fff300,,,,||
[12,-6,0]
1,-1,1,-1|fff300,,,,||
[12,-5,0]
1,-1,1,-1|fff300,,,,||
[12,-4,0]
1,-1,1,-1|fff300,,,,||
[12,-3,0]
1,-1,1,-1|fff300,,,,||
[12,-2,0]
1,1,1,-1|fff300,,,,||
[6,-9,0]
-1,0,1,0|fff300,,,,|0|
[7,-9,0]
-1,0,-1,0|fff300,,,,||
[8,-9,0]
-1,0,-1,0|fff300,,,,||
[9,-9,0]
-1,0,-1,0|fff300,,,,||
[10,-9,0]
-1,0,-1,0|fff300,,,,||
[11,-9,0]
0,0,-1,0|fff300,,,,||
[3,-11,0]
-1,-1,0,0|fff300,,,fb0000,fb0000||
[4,-11,0]
-1,-1,-1,0|fff300,,,,fb0000||
[5,-11,0]
0,-1,-1,0|fff300,fb0000,,,fb0000||
[3,-10,0]
-1,-1,0,-1|fff300,,,fb0000,||
[4,-10,0]
-1,-1,-1,-1|fff300,,,,||
[5,-10,0]
0,-1,-1,-1|fff300,fb0000,,,||
[3,-9,0]
-1,0,1,-1|fff300,,fb0000,fb0000,||
[4,-9,0]
-1,0,-1,-1|fff300,,fb0000,,||
[5,-9,0]
1,0,-1,-1|fff300,fb0000,fb0000,,||
[-12,-2,0]
1,0,-1,0|e07bf5,,,,|0|uid://ddcs5dl0e7utm
[-11,-2,0]
-1,0,1,0|||
[-10,-2,0]
1,0,-1,0|||
[-9,-6,0]
-1,-1,0,0|||
[-8,-6,0]
0,-1,-1,0|||
[-9,-5,0]
-1,-1,0,-1|||
[-8,-5,0]
0,-1,-1,-1|||
[-9,-4,0]
-1,-1,0,-1|||
[-8,-4,0]
1,-1,-1,-1|||
[-9,-3,0]
-1,-1,0,-1|||
[-8,-3,0]
0,-1,-1,-1|||
[-9,-2,0]
-1,0,1,-1|||
[-8,-2,0]
1,0,-1,-1|||
[-7,-4,0]
-1,0,1,0|||
[-6,-4,0]
1,0,-1,0|||
[-7,-2,0]
0,-1,1,0|||
[-7,-1,0]
0,-1,0,-1|||
[-7,0,0]
0,-1,0,-1|||
[-7,1,0]
0,1,0,-1|||
[0,-9,0]
-1,0,1,0|1cbcde,,,,||
[1,-9,0]
-1,0,-1,0|1cbcde,,,,||
[2,-9,0]
0,0,-1,0|1cbcde,,,,||
[2,-4,0]
0,-1,1,0|1eea09,,,,||
[2,-3,0]
0,-1,0,-1|1eea09,,,,||
[2,-2,0]
0,-1,0,-1|1eea09,,,,||
[2,-1,0]
0,-1,0,-1|1eea09,,,,||
[2,0,0]
1,0,0,-1|1eea09,,,,||
[3,0,0]
1,0,1,0|1eea09,,,,|0|
[-13,-2,0]
-1,0,0,0|e07bf5,,,,||uid://ddcs5dl0e7utm
[-10,-6,0]
0,0,0,0|||
